894
586
879
349
848
374
930
251
281
19
372
9
357
834
777
60
263
886
690
920
330
484
28
211
870
395
85
145
358
237
412
585
359
710
577
933
403
765
861
767
423
545
26
395
482
901
302
536
663
527
717
571
908
526
773
213
452
218
998
531
98
88
9
879
904
598
519
245
382
452
678
689
462
44
0
263
624
451
700
434
690
848
489
81
226
548
832
128
119
243
258
787
12
890
714
984
535
185
788
469
998
984
933
930
920
908
904
901
894
890
886
879
879
870
861
848
848
834
832
788
787
777
773
767
765
717
714
710
700
690
690
689
678
663
624
598
586
585
577
571
548
545
536
535
531
527
526
519
489
484
482
469
462
452
452
451
434
423
412
403
395
395
382
374
372
359
358
357
349
330
302
281
263
263
258
251
245
243
237
226
218
213
211
185
145
128
119
98
88
85
81
60
44
28
26
19
12
9
9
0
